5e-08
0.001
1
120.0
0.0002
3.0e+09
1.4
850.0

CO           1         0     115.180    7000.0     700.0  0
CO           1         0     115.180    6500.0     650.0  0
CO           2         1     230.356   36400.0    3640.0  0
CO           3         2     345.523   54600.0    5460.0  0
CO           4         3     460.677   58300.0    9020.0  0
CO           5         4     575.813   62500.0    9450.0  0
CO           6         5     690.927   60700.0    9110.0  0
CO           7         6     806.015   53700.0    8070.0  0
CO           8         7     921.072   48170.0    7240.0  0
CO           9         8    1036.093   39400.0    5940.0  0
CO          10         9    1151.075   28860.0    4380.0  0
CO          11        10    1266.013   18790.0    2920.0  0
CO          12        11    1380.903   13600.0    2140.0  0
CO          13        12    1495.740    8810.0    1460.0  0
